8,9,18,23,30
3,17,19,27,29
13,18,20,25,35
5,19,23,29,30
1,10,11,23,30
6,7,12,14,29
5,8,9,19,30
6,7,25,26,30
5,8,11,14,28
1,20,22,32,33
18,19,21,23,27
2,3,7,18,22
1,7,10,25,31
7,8,18,28,35
3,7,15,21,32
6,7,18,19,35
4,7,11,21,35
3,9,17,21,27
4,22,29,32,33
11,15,18,20,30
9,24,25,26,35
2,5,18,19,24
7,8,15,30,33
6,14,23,27,34
6,7,21,25,29
5,8,17,24,33
9,10,19,21,35
14,15,26,30,32
3,12,18,20,29
9,14,16,27,28
13,15,16,19,30
3,13,15,19,26
10,11,15,28,32
21,22,24,25,28
6,19,20,30,35
10,13,16,21,24
20,26,30,31,34
1,3,18,26,30
4,13,16,28,32
1,5,14,25,33
2,6,9,23,33
5,7,9,13,22
2,11,15,16,35
6,11,16,22,30
2,3,15,17,23
4,10,11,21,32
8,15,20,21,32
1,5,10,11,25
2,13,29,33,34
1,3,11,14,27
9,11,16,22,31
3,21,26,33,35
3,11,12,27,28
9,13,17,24,27
4,20,26,27,32
4,18,24,27,33
5,27,28,32,34
1,3,4,34,35
12,14,16,24,29
1,10,17,25,31
4,5,17,23,26
21,28,30,33,35
12,13,24,30,31
1,12,22,30,32
3,7,24,30,32
8,12,22,23,28
6,8,10,21,22
13,19,22,25,31
14,16,27,31,35
9,10,21,24,27
2,4,5,8,33
3,7,19,27,34
5,8,10,25,34
3,6,20,24,34
3,4,9,14,34
11,16,22,29,32
8,14,19,28,32
6,19,20,28,34
6,11,12,13,19
4,14,21,22,29
7,11,13,17,30
11,19,25,31,34
3,5,16,22,32
9,11,22,25,35
