1,4,12,15,17
5,10,11,15,23
6,8,9,16,27
3,10,14,18,34
19,20,24,33,34
2,8,17,22,28
1,9,10,13,18
9,14,17,21,32
14,17,21,25,33
2,3,6,7,28
9,18,20,24,29
1,2,10,24,26
5,14,15,22,31
7,9,11,25,33
3,7,18,21,31
7,17,26,28,33
2,7,12,20,29
10,16,27,29,34
11,28,31,33,34
15,19,22,25,28
2,8,14,27,32
3,15,16,24,26
1,12,17,22,23
4,9,23,30,33
2,19,20,24,27
3,5,9,17,27
11,13,21,25,34
7,9,23,27,32
6,11,20,22,33
6,12,23,27,33
1,9,11,18,21
16,19,24,25,30
4,7,12,16,19
4,10,18,20,29
12,20,25,33,34
10,11,14,17,20
2,4,19,25,32
2,5,14,26,33
2,15,26,30,31
4,10,19,25,34
8,14,24,26,30
11,23,26,27,33
