  1-9,11,15,20,33     2,10,25,26,31      4,10,11,16,30
  2-5,11,12,29,33     3,7,9,26,28        7,8,9,14,35
  3-9,14,16,28,32     5,7,27,31,33       4,12,19,26,29
  4-5,16,21,26,28     11,25,26,28,29     5,7,13,17,34
  5-4,21,25,29,31     15,23,30,31,34     1,4,13,21,31
  6-4,13,25,26,33     1,6,11,17,21       1,9,28,29,35
  7-4,18,22,26,28     2,12,21,32,33      8,15,17,24,28
  8-4,12,13,15,18     1,2,3,34,35        7,15,21,23,34
  9-7,9,17,30,34      5,7,9,11,24        12,13,21,32,34
 10-3,9,20,28,29      1,7,11,30,31       11,13,15,22,28
 11-3,6,13,25,32      5,22,27,28,32      4,15,21,27,31
 12-5,18,22,24,35     3,4,8,15,34        19,24,32,33,35
 13-6,8,14,27,34      11,15,18,28,31     16,24,29,31,32
 14-16,17,19,27,35    5,13,15,27,29      4,10,11,24,29
 15-2,3,15,16,33      2,4,5,9,10         4,13,18,23,34
 16-16,18,25,27,33    1,6,12,15,18       5,9,17,19,23
 17-10,12,16,26,27    19,21,25,32,35     7,21,23,26,33
 18-15,19,27,28,34    1,3,20,22,28       6,12,13,22,31
 19-10,11,14,28,35    12,17,21,30,31     1,4,13,24,32
 20-7,14,16,17,34     3,18,23,24,33      1,6,18,27,33
 21-5,7,9,11,23       5,19,30,32,35      5,22,24,25,27
 22-12,14,17,18,23    17,19,23,24,29     2,3,13,23,29
 23-1,6,23,26,28      6,20,24,28,33      10,14,26,28,34
 24-14,19,23,31,33    1,3,12,17,20       1,2,9,26,33
 25-7,8,10,22,27      6,12,14,23,35      4,15,23,28,35
 26-1,6,13,20,21      6,18,20,21,24      3,5,6,23,25
 27-3,4,11,12,28      16,21,23,25,28     3,13,15,27,29
 28-5,24,28,31,34     4,5,19,26,30       9,20,24,26,32
 29-1,12,15,25,29     13,14,27,30,33     12,13,23,24,26
 30-4,7,15,19,24      6,15,19,20,29      4,6,14,26,30
 31-5,11,28,29,33     1,13,19,25,26      3,6,15,24,32
 32-4,5,15,27,28      3,4,6,7,26         4,5,11,21,29
 33-4,5,12,20,29      3,11,17,30,31      2,3,10,13,34
 34-3,13,20,28,30     5,11,12,27,28      1,4,14,22,30
 35-1,5,14,27,28      21,23,25,27,30     6,8,25,26,30
 36-5,8,10,15,16      7,24,28,33,34      12,15,22,25,28
 37-13,14,17,20,31    7,12,21,22,26      3,13,21,28,32
 38-2,14,21,26,35     25,27,28,32,34     1,3,16,22,33
 39-3,9,11,17,28      2,10,17,18,31      2,13,18,28,30
 40-16,19,21,22,32    3,19,26,28,35      2,9,10,13,28
 41-1,10,11,12,25     8,10,12,32,34      5,11,16,28,32
 42-21,24,27,28,33    10,15,16,18,32     8,20,22,24,26
 43-1,2,21,32,34      1,17,18,28,30      2,13,19,30,35
 44-1,11,12,26,28     1,6,7,23,26        3,7,14,17,23
 45-1,2,13,17,27      3,4,17,20,21       2,12,16,17,31
 46-3,12,19,28,31     11,15,18,25,32     10,11,17,21,24
 47-12,13,17,19,35    1,3,6,9,28         7,8,26,27,28
 48-2,7,17,21,30      18,24,25,30,33     10,14,15,17,32
 49-5,6,14,24,27      9,12,14,20,32      2,3,16,20,30
 50-6,23,25,29,34     1,3,16,21,32       4,9,23,25,33
 51-3,4,6,10,28       12,17,26,30,32     7,8,20,22,33
 52-17,18,23,24,25    8,14,24,25,34      1,2,7,14,33
 53-5,7,20,21,31      4,12,18,20,31      6,23,27,30,32
 54-4,9,17,23,27      5,8,9,12,33        2,4,6,18,33
 55-1,3,14,17,29      10,14,15,18,22     8,13,14,16,24
 56-1,4,12,23,24      3,6,20,30,31       3,5,25,26,33
 57-5,15,19,20,21     20,23,30,31,35     20,21,30,31,32
 58-11,13,17,29,30    14,18,23,25,26     8,9,19,25,31
 59-2,11,20,26,31     3,17,26,28,34      6,13,19,27,34
 60-4,7,18,20,30      6,9,13,21,33       8,9,13,21,33
 61-12,23,26,30,35    4,6,7,8,30         8,13,15,16,24
 62-5,14,17,20,34     3,12,15,23,29      7,8,21,31,33
 63-11,13,16,19,30    2,4,10,13,18       1,7,11,15,29
 64-11,27,31,32,34    1,8,9,12,28        7,11,15,21,25
 65-5,15,20,23,25     7,16,24,26,28      3,9,15,27,33
 66-6,7,9,18,27       16,22,26,33,34     7,10,23,24,32
 67-7,8,9,20,30       21,28,32,33,34     4,14,22,23,31
 68-1,14,19,21,27     8,16,26,31,33      7,12,13,24,28
 69-2,5,11,18,22      1,10,18,20,30      12,13,15,20,22
 70-2,4,8,19,23       4,5,17,25,33       20,21,26,34,35
 71-4,9,25,34,35      1,14,16,17,34      1,3,6,17,19
 72-3,13,17,29,35     9,12,22,23,28      1,4,10,13,26
 73-5,6,23,25,33      1,11,16,26,35      1,2,9,12,27
 74-5,9,18,25,32      1,7,26,31,35       2,8,14,15,21
 75-11,13,19,24,34    3,21,22,27,35      10,14,16,27,32
 76-2,3,5,25,27       1,12,23,30,31      8,9,20,25,31
 77-7,11,16,25,35     1,9,13,25,32       24,29,30,33,34
 78-6,10,15,22,32     12,15,17,30,33     5,7,10,13,21
 79-5,10,11,17,29     3,12,16,22,31      4,9,18,32,33
 80-12,17,18,25,35    3,6,16,25,29       1,6,14,17,25
 81-5,6,9,24,26       3,4,12,15,16       6,16,18,19,35
 82-18,19,23,24,28    9,20,23,27,34      14,22,24,31,32
 83-6,7,13,15,16      7,17,24,28,29      3,16,18,30,32
 84-9,16,20,30,35     3,8,14,29,32       4,16,19,26,33
 85-2,4,11,13,15      5,14,21,32,34      9,10,13,17,30
 86-4,9,17,19,21      8,12,24,26,35      3,11,24,25,32
 87-2,8,29,31,32      11,13,14,23,27     4,10,12,15,32
 88-4,6,8,12,14       2,10,20,21,29      3,11,17,20,27
 89-5,14,22,25,33     6,7,9,14,35        4,7,28,30,35
 90-2,3,7,19,23       4,17,23,26,28      9,10,14,23,30
 91-1,13,15,29,32     5,9,13,16,20       7,11,13,15,32
 92-3,4,6,27,29       1,9,16,21,23       4,8,9,13,27
 93-1,3,4,24,30       4,9,13,24,28       4,16,22,27,34
 94-1,7,26,29,33      10,26,27,29,34     5,6,18,28,30
 95-1,4,6,11,16       7,14,17,24,30      1,12,14,31,35
 96-1,15,17,21,26     1,26,27,28,34      10,14,17,18,29
 97-1,6,17,21,22      2,6,16,32,33       6,7,9,10,22
 98-2,7,22,23,29      22,29,32,33,35     1,15,16,20,28
 99-12,22,23,27,35    1,3,7,9,24         2,8,9,11,17
100-8,10,12,20,26     2,8,18,19,21       15,20,23,26,27
101-4,5,17,19,24      2,7,29,32,35       10,11,13,20,29
102-5,13,15,22,25     10,12,18,19,30     15,22,23,24,31
103-13,16,21,29,30    15,19,20,27,28     7,9,11,25,35

