
1-15,18,31,33,35		1, 3,17,26,34		3, 5,15,24,35
2-2, 3,10,18,26			5,12,14,15,22		5,19,22,28,31
3-1, 3, 4,24,31			1, 5,12,13,15		2,11,16,18,19
4-1, 6,12,26,31			13,16,18,19,25		2,13,16,30,31
5-1,13,15,23,27			4,13,14,20,21		4, 7,32,33,34
6-5, 6,21,26,33			7,10,11,15,17		6,18,20,22,23
7-3, 4,14,17,35			12,15,18,27,35		2, 5,16,26,27
8-2, 6,12,21,29			5,27,33,34,35		9,13,22,27,28
9-4,15,19,22,34			7,19,20,22,24		10,18,19,34,35
10-14,22,29,31,35		2, 5,13,22,26		2,18,21,23,32
11-15,24,25,26,32		8,14,17,31,33		7,10,15,20,23
12-4,13,16,18,21		18,19,22,25,35		14,17,29,32,34
13-3,12,14,17,25		17,19,20,30,31		2, 5,10,22,32
14-12,16,20,23,25		1, 7,21,24,35		2,19,23,25,35
15-7,12,31,33,34		2,12,19,23,33		2,24,26,29,33
16-11,15,18,24,30		1, 2,18,26,31		1,10,14,19,32
17-8,17,21,24,29		6,11,15,23,29		3, 9,11,12,20
18-8, 9,12,19,22		14,16,23,25,33		18,21,30,31,34
19-2,10,17,24,27		4,10,15,16,32		4, 7,12,30,31
20-12,18,19,27,28		3, 8,15,16,27		7,14,21,29,32
21-10,12,14,27,35		18,19,23,26,33		1,10,12,19,24
22-3,20,25,27,35		3, 4,21,22,33		16,21,24,26,31
23-6,15,23,31,35		8, 9,16,32,33		1, 8,15,29,31
24-6,12,18,20,33		13,19,21,29,30		5,12,15,31,35
25-4, 7,15,28,31		1,17,18,28,31		8,14,16,17,31
26-18,20,30,32,33		3,16,22,26,33		3, 9,13,17,30
27-3, 5,28,32,34		2, 9,11,17,35		8,22,27,28,32
28-7,10,11,13,31		1, 8,14,23,33		6,19,20,25,28
29-7,11,13,17,28		2, 4, 6,14,33		3, 5,17,25,34
30-7, 9,11,22,27		6,10,12,24,27		13,14,24,25,32
31-7,17,20,24,28		9,13,31,33,35		9,14,19,33,34
32-7,12,14,24,34		4,15,24,30,31		9,10,15,22,34
33-3, 4,25,28,31		2, 9,12,24,25		1, 6,20,25,27
34-8,19,22,29,33		3,11,28,32,35		11,12,15,17,22
35-2, 4, 5,10,26		5, 6,14,17,18		15,19,21,33,35
36-2, 6,11,14,26		5,19,27,29,33		4, 8,20,25,32
37-7, 8,12,14,34		1, 3,11,23,24		5,12,20,23,25
38-1, 5,10,32,33		5,12,20,22,35		9,16,17,27,34
39-5,15,23,27,29		8,14,15,24,28		2, 8,27,29,32
40-2, 9,10,17,27		5,17,18,27,33		3, 5,29,32,34
41-21,25,26,30,34		1, 2,14,15,20		4, 9,18,22,25
42-1,20,21,23,24		1, 6, 9,21,24		9,10,14,21,29
43-4, 7,12,25,34		2,16,18,22,27		6, 7, 9,26,33
44-1,16,21,25,28		5,13,16,28,31		3, 4,21,32,33
45-8,14,23,26,35		15,20,23,30,35		18,22,25,33,35
46-4,23,28,34,35		9,16,19,23,32		13,24,27,31,32
47-2, 4, 8,28,30		14,16,22,25,29		5, 7, 8,15,17
48-2,15,16,21,32		4, 8,21,22,30		2,12,14,20,25
49-11,18,27,29,30		14,16,19,28,33		3, 7,21,33,35
50-15,18,19,20,24		18,21,28,31,35		13,14,15,17,20
51-12,18,22,27,32		1, 6,16,24,34		2, 5, 7,23,32
52-11,13,22,26,35		10,13,17,18,31		3,13,14,24,32
53-12,16,20,22,35		5,14,16,21,24		3, 8,11,12,17
54-6,10,19,31,34		5, 7,10,13,33		1, 2, 7,27,29
55-4,10,25,30,35		6,11,29,33,35		3, 6, 8,28,29
56-4,10,17,28,32		1,11,16,27,34		10,19,21,22,32
57-1,15,20,23,29		2,15,20,23,25		13,15,22,25,34
58-16,17,22,26,32		3, 5,27,33,35		2, 4, 6,19,27
59-8,11,16,18,27		4,19,31,32,34		5, 6,17,24,30
60-8, 9,22,30,33		4, 7,18,23,35		3,17,19,27,33
61-3, 5, 6,20,32		8,11,12,27,35		6, 8,20,24,28
62-2,15,21,25,28		6,11,17,20,31		15,17,24,32,35
63-13,16,22,23,28		6,17,21,26,27		6, 9,12,27,35
64-3, 5, 7,18,22		8,11,19,26,27		9,11,13,26,27
65-6,17,22,23,27		12,14,30,33,34		11,15,17,21,34
66-10,13,15,20,24		2,17,20,29,31		9,10,16,17,35
67-11,24,27,29,35		7, 8,16,20,33		11,13,25,27,34
68-7,11,22,33,35		13,14,19,25,29		4,17,19,27,34
69-4, 5,10,27,29		1, 3,21,26,30		16,17,19,25,28
70-16,17,20,26,35		3,18,19,21,23		4, 5, 6, 7,33
71-4,12,13,16,26		8,16,17,27,32		5,16,17,21,26
72-2, 4, 9,29,30		3, 9,13,25,32		11,14,19,32,35
73-4,11,18,31,35		6,19,22,26,27		9,23,24,26,34
74-17,24,25,26,30		1, 5, 8,11,16		12,28,30,33,35
75-10,15,27,32,34		3, 4,17,31,33		16,20,31,33,34
76-13,14,21,27,29		4, 6,24,29,31		1,21,25,26,35
77-2,18,19,23,24		10,14,22,23,31		4,16,21,32,35
78-5, 7, 8,23,24		5,15,19,23,35		9,17,18,20,27
79-10,13,17,27,29		5, 6,11,22,31		2, 3,12,14,20
80-4, 5,13,25,26		3, 7,10,13,27		5, 7, 9,16,26,
81-1,17,18,25,28		3, 8,12,17,35		10,12,21,26,33
82-4, 6,10,17,27		10,14,16,28,30		2, 5, 8,14,17
83-3, 5,23,24,32		2,17,25,27,30		2, 5,10,16,25
84-4, 9,15,22,32		12,13,21,28,35		12,14,17,18,28
85-1, 7,13,18,32		8, 9,21,25,33		9,28,30,32,33
86-10,23,25,28,33		5,18,19,22,33		11,17,20,24,32
87-2, 5,11,23,34		4,14,20,25,35		6,10,19,22,23
88-2, 9,17,22,25		4, 7,11,20,22		3,19,20,24,30
89-2,13,19,29,33		1, 5,21,24,32		5, 6,14,25,34
90-2, 7, 9,21,25		3, 8, 9,21,33		4,12,13,20,29
91-7,14,15,16,35		3, 9,17,21,22		2, 3, 5,25,33
92-12,21,23,24,29		6,18,19,29,31		5, 9,12,27,29
93-4, 9,18,24,27		1, 9,14,21,24		3,10,17,26,31
94-5, 8,10,26,30		12,14,16,18,28		2, 3, 5,22,26
95-1,17,25,32,35		4, 9,12,20,24		8,14,23,24,28
96-13,19,26,32,35		2,12,20,26,34		1,11,24,28,34
97-4,11,18,24,33		4, 5,27,28,34		7,10,11,12,31
98-17,26,28,31,35		16,21,26,29,34		4,20,26,29,31
99-11,16,17,33,35		8, 9,13,17,20		5,10,14,21,22
100-11,16,19,30,32		11,19,20,25,26		6,13,22,25,27
101-2,17,20,29,35		3, 9,27,31,33		8,18,25,31,35
102-18,20,27,31,33		4,14,21,27,32		3, 9,11,12,13
103-2, 9,10,14,17		1, 8,15,29,34		4,19,26,30,32
104-23,29,30,32,35		6, 9,11,13,30		2,12,19,25,34
105-3, 9,16,27,28		17,20,24,26,29		3,16,27,28,30
