1,2,15,16,18,27         15,16,20,21,29  7,9,13,32,33
2,3,8,12,25,31          2,14,16,21,25   9,11,14,20,33
3,4,5,8,15,33           2,3,6,9,21      4,19,28,30,32
417,18,20,24,27         8,15,18,26,31   4,7,9,13,25
5,9,19,24,28,34         3,20,23,30,34   2,13,22,29,33
6,3,8,19,25,32          13,15,21,23,30  9,10,21,27,35
7,7,10,17,22,35         4,15,27,28,35   6,15,22,29,33
812,15,21,23,30         4,23,27,28,33   5,16,18,28,32
9,2,11,19,24,28         1,16,18,19,28   16,17,21,25,34
10,7,8,9,23,32          10,13,26,27,32  13,14,18,19,26
11,15,16,28,32,34       1,19,25,30,35   13,18,24,27,34
12,7,19,20,26,29        3,19,26,27,32   5,8,11,23,26
13,2,3,7,27,34          14,15,18,25,26  9,16,17,22,35
14,14,16,25,26,27       14,16,22,25,29  1,4,6,7,35
15,2,12,15,22,30        2,14,18,25,33   1,4,7,15,34
16,16,20,22,25,31       2,3,7,12,14     10,24,25,29,35
17,8,14,20,29,34        4,25,26,27,30   6,9,14,16,29
18,6,12,16,19,30        9,22,25,27,28   1,13,14,27,30
19,1,8,12,13,22         7,8,10,17,33    6,14,15,27,35
20,1,6,14,17,18         8,14,18,25,33   2,18,23,25,35
21,2,6,7,16,17          2,6,17,22,28    3,4,18,20,28
22,4,5,10,30,35         1,2,20,26,27    7,12,20,23,34
23,10,17,25,28,31       10,11,20,27,32  1,2,8,25,33
24,5,24,27,29,32        6,14,21,22,28   1,4,8,16,24
25,4,10,27,30,33        1,4,15,33,34    2,3,7,18,21
26,1,3,6,8,24           6,15,18,25,27   7,9,28,32,35
27,6,15,16,24,30        1,8,17,22,34    7,13,14,15,22
28,7,10,17,30,34        10,21,24,26,34  9,10,16,17,19
29,6,28,31,32,33        2,12,20,23,24   10,16,21,22,29
30,15,20,21,24,30       1,6,7,18,35     7,8,10,18,34
31,7,8,15,30,32         1,4,13,14,24    2,8,15,26,31
32,4,7,14,19,29         18,19,26,27,28  1,7,14,17,25
33,2,6,13,29,33         12,15,18,23,25  6,10,13,17,31
34,5,6,18,21,34         4,7,12,13,33    1,7,9,29,32
35,5,8,16,27,28         15,30,31,34,35  9,21,25,28,29
36,3,13,14,29,32        11,12,25,31,34  5,7,19,30,33
37,8,18,19,27,33        11,12,15,16,20  1,12,15,19,20
38,7,9,15,23,31         23,24,26,31,32  1,7,15,21,29
39,19,20,24,29,34       8,12,15,20,35   10,20,21,24,34
40,6,13,17,32,33        3,7,17,27,34    11,15,24,27,29
41,16,24,25,28,33       3,12,22,23,28   7,12,16,24,34
42,12,16,19,30,33       1,4,10,13,35    8,9,16,17,26
43,4,10,12,31,34        4,12,13,16,21   8,9,14,23,30
44,10,13,15,17,22       6,22,23,33,34   3,6,7,22,26
45,6,7,14,16,21         6,7,13,21,34    5,14,15,28,31
46,10,18,20,22,32       1,10,15,22,29   6,14,20,26,28
47,3,9,11,12,28         2,11,18,19,28   4,10,16,19,22
48,2,8,16,24,33         3,10,17,28,30   5,13,16,24,30
49,2,5,16,21,29         13,17,33,34,35  1,3,15,28,30
50,4,14,16,28,32        5,10,24,29,34   1,7,17,19,20
51,9,13,16,19,25        12,18,22,30,35  8,18,22,26,31
52,4,6,23,26,33         2,7,8,27,29     6,16,18,20,26
53,1,9,11,26,27         3,7,17,19,22    12,17,22,27,29
54,3,16,30,31,33        9,18,21,26,27   1,6,8,13,35
55,4,6,17,23,35         2,15,17,26,29   10,13,16,30,32
56,6,10,12,22,34        1,3,7,22,28     13,14,19,24,30
57,2,4,22,23,24         12,14,16,32,34  5,14,15,29,30
58,1,8,9,31,34          4,5,22,28,35    7,10,20,27,34
59,14,23,26,28,33       9,22,27,33,35   13,19,20,32,34
60,10,13,21,27,29       5,6,20,25,34    1,10,15,28,34
61,5,12,20,29,33        3,5,9,14,26     7,12,13,18,27
62,10,16,25,28,32       3,10,13,18,22   1,2,6,17,29
63,3,17,20,23,24        2,3,16,25,31    2,27,32,34,35
64,8,14,32,34,35        1,8,9,14,33     9,13,15,21,25
65,8,9,19,23,27         7,16,21,30,34   9,11,18,24,28
66,1,6,18,20,33         3,7,12,22,33    2,4,15,17,31
67,2,8,16,20,29         6,15,25,28,30   1,5,18,26,30
68,24,26,29,30,33       7,11,13,17,25   5,7,10,21,28
69,4,9,12,24,35         3,13,21,24,33   13,14,16,19,33
70,8,9,22,28,34         1,4,10,13,29    4,9,17,22,29
71,7,13,14,20,31        3,6,16,23,28    14,19,25,29,33
72,12,13,24,28,32       1,14,15,16,18   2,5,22,23,29
73,5,19,31,32,35        5,10,23,28,32   8,11,12,32,34
74,4,10,16,28,29        6,14,22,27,33   9,10,29,30,33
75,2,4,5,16,28          12,17,19,22,24  7,14,22,23,29
76,10,13,19,21,24       1,5,6,20,25     19,23,28,31,34
77,2,4,14,23,33         18,25,29,30,33  17,22,23,34,35
78,6,8,13,15,32         5,10,21,22,34   5,11,13,24,29
79,6,13,21,30,35        11,28,29,33,35  3,14,30,32,33
80,1,3,4,6,33           5,18,21,22,25   8,20,21,22,32
81,6,7,10,15,24         2,25,29,31,34   2,9,21,28,30
82,2,11,21,24,35        2,11,12,24,25   4,7,8,14,16
83,4,12,28,32,34        4,8,13,26,29    2,6,10,17,27
84,5,15,25,26,34        3,10,16,21,27   2,3,8,18,22
85,1,3,11,13,26         1,6,13,17,21    10,12,23,32,35
86,4,22,23,28,30        6,15,16,26,34   2,3,13,16,20
87,6,10,16,23,24        11,12,23,26,31  15,16,21,27,33
88,3,12,28,33,34        3,13,18,31,33   1,4,22,24,25
89,3,17,24,25,33        1,17,22,32,34   21,24,26,28,32
90,6,19,23,24,35        2,15,25,29,30   8,9,18,23,27
91,4,10,11,20,21        12,25,26,29,30  10,12,20,22,25
92,5,13,16,27,35        17,27,30,31,33  7,10,21,22,23
93,14,19,22,27,28       6,9,19,27,30    1,3,10,13,16
94,1,6,16,21,30         3,9,13,22,28    1,10,14,15,32
95,11,15,21,28,31       5,7,20,29,33    7,14,22,27,33
96,1,5,12,14,19         10,16,23,32,33  3,4,5,26,27
97,1,15,18,22,25        11,12,15,31,35  2,4,5,12,28
98,5,13,14,30,31        4,15,16,27,31   6,8,13,18,26
99,10,17,18,22,33       6,13,18,25,31   10,15,20,23,24
100,13,14,22,30,31      3,4,22,27,29    7,8,17,18,21
101,8,15,18,25,33       6,20,21,28,33   5,10,13,16,22
102,4,13,16,27,31       3,7,12,26,27    1,10,19,29,34
103,7,12,16,18,34       3,7,9,11,32     9,15,16,17,30
104,13,26,30,31,33      3,5,11,12,23    6,17,19,23,32
