16,18,19,27,37,49
6,13,20,23,30,45
11,17,18,20,32,47
1,5,21,34,40,42
10,11,26,31,35,48
6,7,12,20,31,38
2,13,18,24,30,41
4,8,10,18,25,39
3,15,23,28,42,48
4,12,15,19,21,34
5,13,31,39,41,47
8,19,31,35,36,47
6,20,21,31,37,39
2,7,23,31,41,45
2,3,17,25,36,43
8,9,14,16,20,34
14,21,23,36,37,48
12,19,20,22,24,46
4,11,15,36,38,39
23,34,37,46,47,48
4,22,36,42,44,49
8,16,19,35,39,47
6,11,17,18,19,43
1,6,16,33,45,46
12,14,21,22,37,46
3,5,6,17,26,40
10,13,14,16,26,27
2,19,22,27,28,44
2,18,20,21,31,46
27,34,35,39,48,49
12,22,24,26,29,34
4,14,24,38,39,44
9,18,26,32,46,49
8,17,25,31,37,44
7,29,30,31,34,35
8,14,35,39,42,49
11,14,19,32,34,36
17,27,30,33,37,44
4,10,17,23,38,48
6,15,17,22,27,36
4,9,15,17,28,43
10,19,37,46,47,48
11,15,19,20,26,38
