2,3,5,17,24,38
9,12,13,20,31,40
1,5,6,7,8,23
2,3,11,28,36,41
16,17,19,31,32,41
17,22,25,26,33,35
5,8,13,15,32,36
13,16,19,20,30,36
2,8,15,26,28,41
4,7,17,18,20,23
2,12,20,21,23,34
16,17,28,37,40,41
3,11,17,28,33,42
8,10,11,19,23,40
8,16,19,22,28,40
10,16,31,33,35,39
12,16,26,34,36,42
1,13,15,16,17,20
8,18,22,27,31,41
5,10,20,24,40,41
3,17,21,22,24,31
1,15,21,25,28,29
5,8,15,21,23,39
3,5,6,22,31,38
5,6,10,13,26,31
7,10,22,25,26,28
1,2,32,36,40,42
5,7,8,9,35,41
5,12,15,18,30,33
12,27,30,31,33,38
8,10,19,21,33,36
3,11,12,13,33,34
10,23,25,29,30,42
2,10,11,12,25,37
4,6,7,20,34,36
7,10,18,24,25,33
6,10,14,17,20,32
1,4,11,13,16,41
14,28,34,35,36,37
1,8,20,27,29,32
6,8,14,17,30,42
2,4,14,25,30,38
3,7,10,11,28,41
14,15,19,21,24,34
18,20,25,26,32,38
1,5,13,14,23,37
1,5,13,18,28,39
5,9,15,24,26,30
4,11,12,19,30,39
18,19,23,27,36,37
21,22,26,27,28,42
9,12,17,18,39,42
8,10,14,15,30,40
7,8,16,19,37,41
18,23,27,30,32,34
5,20,29,33,39,40
8,9,15,16,17,40
2,15,28,31,32,33
7,16,22,23,29,38
5,14,19,26,39,40
5,8,9,10,11,30
8,9,28,30,38,40
16,20,21,24,36,40
4,6,15,22,24,27
1,8,12,21,23,27
3,7,8,18,26,30
1,22,27,33,39,40
1,4,8,13,17,21
17,21,29,33,34,37
7,10,15,19,23,25
1,9,23,37,39,42
2,3,29,30,33,38
1,14,20,27,30,31
2,4,7,9,10,23
2,10,21,30,36,38
2,8,10,16,20,32
5,11,20,21,26,42
1,4,21,24,28,34
1,3,13,14,16,29
2,12,14,30,36,42
3,16,29,31,38,40
