6,10,19,22,28,38
4,5,10,11,18,35
5,7,18,22,29,34
1,9,12,23,40,42
3,4,7,11,29,30
4,5,11,19,27,30
2,3,23,25,33,35
1,15,22,26,34,38
6,8,10,27,40,41
6,13,17,26,32,39
3,21,32,33,35,39
1,7,17,19,34,38
1,24,27,34,35,38
4,18,25,33,41,42
2,3,7,12,32,39
1,4,6,10,22,26
4,6,17,30,37,42
12,24,25,27,38,39
7,9,11,16,33,37
3,12,16,21,25,27
15,19,21,24,27,29
8,11,23,25,33,37
3,4,6,8,10,27
13,15,25,30,32,36
1,10,18,30,38,41
4,10,18,37,39,41
6,8,15,17,28,31
2,9,12,13,23,34
11,20,22,25,27,31
6,7,9,15,31,35
7,14,19,24,33,37
6,7,13,19,23,41
5,14,19,29,30,42
8,22,25,32,35,37
6,10,26,28,32,35
14,27,29,36,41,42
