
  0-3, 5, 8,15,16,32		21,24,25,27,33,37
  1-2, 6, 9,19,32,42		1, 5,13,25,29,38
  2-9,11,14,20,25,27		8,12,13,17,27,38
  3-6,12,18,22,38,41		8,11,18,23,25,38
  4-1, 4,16,33,38,40		1, 3, 8,12,23,30
  5-4,14,20,21,34,35		6, 8,10,24,31,39
  6-7,10,14,15,36,39		5,10,23,37,38,40
  7-2,12,17,29,31,34		18,20,22,24,25,33
  8-7,13,15,24,28,30		2, 4,26,36,38,42
  9-2, 3,17,23,37,39		9,18,25,26,34,35
 10-3, 9,14,27,37,38		6, 8, 9,15,26,41
 11-2, 9,24,26,36,40		3, 6,10,17,24,31
 12-1, 3,16,22,24,31		8,11,12,14,20,37
 13-2, 7,28,37,41,42		4, 5,12,25,29,36
 14-11,17,24,29,33,36		9,14,19,23,25,30
 15-12,24,25,31,36,42		4, 9,23,24,29,40
 16-3, 7, 8,14,27,42		11,15,25,27,31,33
 17-14,18,30,37,39,40		8,23,30,34,41,42
 18-18,20,21,23,33,37		8,15,17,27,32,36
 19-5, 6,13,22,26,35		1, 2, 9,16,23,25
 20-1, 6,23,29,34,39		2, 6, 7,11,12,34
 21-5, 9,10,30,35,38		3, 8,18,19,33,37
 22-6,13,14,32,33,34		9,25,28,38,39,42
 23-11,20,25,26,37,42		2,13,17,18,26,36
 24-2, 6,14,19,22,35		10,18,23,31,33,34
 25-4,11,20,23,27,29		1, 5, 8,14,20,39
 26-9,13,16,18,32,36		7,17,28,29,34,36
 27-2, 3,27,33,35,38		5,21,30,32,33,35
 28-1, 3,13,16,19,40		9,16,22,37,41,42
 29-12,18,29,31,41,42		7, 9,13,15,19,21
 30-4,12,14,23,30,37		1, 2,16,21,29,36
 31-1, 3,23,25,30,38		6, 8,24,33,37,38
 32-19,22,28,34,37,42		2, 5, 7,11,25,37
 33-2,12,19,25,26,29		2, 4,13,15,16,18
 34-1, 6,16,17,19,24		6,16,23,25,32,36
 35-16,19,20,25,28,30		3,16,24,25,32,41
 36-20,25,26,38,39,41		8, 9,10,20,25,37
 37-5,20,24,33,38,40		4, 7,22,29,32,40
 38-12,33,34,35,38,40		25,26,37,39,40,42
 39-8,11,14,21,35,39		10,17,34,39,40,41
 40-2, 7,11,25,32,36		5,14,15,19,20,24
 41-2, 4, 6,13,35,36		1, 8,12,18,33,38
 42-2,14,17,18,26,34		1, 2, 9,14,36,38
 43-5, 7,13,21,31,37		11,16,23,25,33,37
 44-1,10,15,17,22,37		5, 6, 8,23,32,38
 45-2, 5, 7,14,15,22		9,13,20,24,28,36
 46-13,15,18,20,24,32		4, 7,16,26,34,40
 47-4,13,22,28,30,38		1, 7, 9,17,34,41
 48-6,22,23,37,41,42		24,25,28,31,32,33
 49-3, 5,10,29,36,37		5,13,15,30,34,41
 50-24,25,28,30,34,39		6,10,33,36,38,40
 51-2, 4,10,17,21,26		5,10,20,26,35,36
 52-10,11,12,13,38,41		3, 4, 7,21,38,41
 53-13,14,24,34,38,42		3, 5, 6, 8,27,40
 54-9,15,16,17,19,23		5,19,24,29,33,34
 55-1, 8,18,24,28,30		7,12,15,19,25,42
 56-29,30,31,34,35,36
 57-3,14,26,29,32,42
 58-8,10,13,17,38,42
 59-5,20,23,24,27,35
 60-13,16,23,27,35,36
 61-15,25,26,31,38,41
 62-2,12,20,23,40,41
 63-6,15,16,30,32,33
 64-1, 3, 5,27,32,42
 65-10,15,17,22,37,40
 66-4,13,19,25,28,33
 67-1, 3, 7,28,32,35
 68-8, 9,13,24,25,34
 69-7, 9,14,23,27,40
 70-5, 7, 9,15,32,42
 71-7, 8,11,20,31,38
 72-1, 4, 8,17,31,41
 73-6,12,29,32,39,42
 74-4, 5, 6,18,24,42
 75-3, 8,12,24,26,37
 76-1, 4, 5,16,19,34
 77-2,11,17,29,35,41
 78-7,13,16,17,34,42
 79-8,11,18,30,35,42
 80-8,17,21,22,28,31
 81-14,18,28,29,30,32
 82-2, 3,12,30,33,36
 83-6, 8,10,12,28,37
 84-5, 6,10,24,29,37
 85-1, 4,12,14,15,18
 86-1,17,21,28,39,42
 87-22,27,36,37,38,40
 88-11,14,24,30,37,42
 89-12,13,24,31,33,42
 90-14,26,33,34,35,39
 91-1, 4,10,20,37,40
 92-7,17,20,21,24,33
 93-14,18,19,24,37,39
 94-15,21,25,30,31,33
 95-4, 7,15,19,20,42
 96-3, 6,16,17,19,21
 97-1, 6,21,26,33,38
 98-9,16,19,21,25,36
 99-4,11,12,13,28,33
100-1, 9,11,13,15,31
101-5,11,16,23,30,40
102-5, 8, 9,13,23,42
103-13,16,19,32,36,41

